# oST version 5.0 parameters


[image]

width
640

height
480

[narrow_stereo]

camera matrix
891.948894 0.000000 308.198107
0.000000 892.675947 258.190793
0.000000 0.000000 1.000000

distortion
0.189572 -0.795616 0.001088 -0.006897 0.000000

rectification
1.000000 0.000000 0.000000
0.000000 1.000000 0.000000
0.000000 0.000000 1.000000

projection
900.091064 0.000000 305.286630 0.000000
0.000000 903.589722 257.976607 0.000000
0.000000 0.000000 1.000000 0.000000
