{
 "cells": [
  {
   "cell_type": "code",
   "execution_count": 1,
   "id": "b492571d-7f1e-4fcb-b1bd-0d24f4b517e4",
   "metadata": {},
   "outputs": [
    {
     "name": "stderr",
     "output_type": "stream",
     "text": [
      "/home/peerajak/venv/lib/python3.8/site-packages/numpy/core/getlimits.py:518: UserWarning: The value of the smallest subnormal for <class 'numpy.float64'> type is zero.\n",
      "  setattr(self, word, getattr(machar, word).flat[0])\n",
      "/home/peerajak/venv/lib/python3.8/site-packages/numpy/core/getlimits.py:89: UserWarning: The value of the smallest subnormal for <class 'numpy.float64'> type is zero.\n",
      "  return self._float_to_str(self.smallest_subnormal)\n",
      "/home/peerajak/venv/lib/python3.8/site-packages/numpy/core/getlimits.py:518: UserWarning: The value of the smallest subnormal for <class 'numpy.float32'> type is zero.\n",
      "  setattr(self, word, getattr(machar, word).flat[0])\n",
      "/home/peerajak/venv/lib/python3.8/site-packages/numpy/core/getlimits.py:89: UserWarning: The value of the smallest subnormal for <class 'numpy.float32'> type is zero.\n",
      "  return self._float_to_str(self.smallest_subnormal)\n"
     ]
    }
   ],
   "source": [
    "from __future__ import print_function # Python 2/3 compatibility\n",
    "import cv2 # Import the OpenCV library\n",
    "import numpy as np # Import Numpy library\n",
    "from scipy.spatial.transform import Rotation as R\n",
    "import math # Math library\n",
    "from numpy.linalg import inv"
   ]
  },
  {
   "cell_type": "code",
   "execution_count": 2,
   "id": "3cb73450-50d2-4f0c-be5c-685348e9883a",
   "metadata": {},
   "outputs": [],
   "source": [
    "# Dictionary that was used to generate the ArUco marker\n",
    "aruco_dictionary_name = \"DICT_6X6_250\"\n",
    " \n",
    "# The different ArUco dictionaries built into the OpenCV library. \n",
    "ARUCO_DICT = {\n",
    "  \"DICT_4X4_50\": cv2.aruco.DICT_4X4_50,\n",
    "  \"DICT_4X4_100\": cv2.aruco.DICT_4X4_100,\n",
    "  \"DICT_4X4_250\": cv2.aruco.DICT_4X4_250,\n",
    "  \"DICT_4X4_1000\": cv2.aruco.DICT_4X4_1000,\n",
    "  \"DICT_5X5_50\": cv2.aruco.DICT_5X5_50,\n",
    "  \"DICT_5X5_100\": cv2.aruco.DICT_5X5_100,\n",
    "  \"DICT_5X5_250\": cv2.aruco.DICT_5X5_250,\n",
    "  \"DICT_5X5_1000\": cv2.aruco.DICT_5X5_1000,\n",
    "  \"DICT_6X6_50\": cv2.aruco.DICT_6X6_50,\n",
    "  \"DICT_6X6_100\": cv2.aruco.DICT_6X6_100,\n",
    "  \"DICT_6X6_250\": cv2.aruco.DICT_6X6_250,\n",
    "  \"DICT_6X6_1000\": cv2.aruco.DICT_6X6_1000,\n",
    "  \"DICT_7X7_50\": cv2.aruco.DICT_7X7_50,\n",
    "  \"DICT_7X7_100\": cv2.aruco.DICT_7X7_100,\n",
    "  \"DICT_7X7_250\": cv2.aruco.DICT_7X7_250,\n",
    "  \"DICT_7X7_1000\": cv2.aruco.DICT_7X7_1000,\n",
    "  \"DICT_ARUCO_ORIGINAL\": cv2.aruco.DICT_ARUCO_ORIGINAL\n",
    "}"
   ]
  },
  {
   "cell_type": "code",
   "execution_count": 3,
   "id": "645602cf-bb56-473f-bb8f-4efe502bd1dc",
   "metadata": {},
   "outputs": [],
   "source": [
    "# Side length of the ArUco marker in meters \n",
    "aruco_marker_side_length = 0.026"
   ]
  },
  {
   "cell_type": "code",
   "execution_count": 4,
   "id": "5acc26c7-f12f-448f-b5c4-5d8735b11f45",
   "metadata": {},
   "outputs": [],
   "source": [
    "def euler_from_quaternion(x, y, z, w):\n",
    "  \"\"\"\n",
    "  Convert a quaternion into euler angles (roll, pitch, yaw)\n",
    "  roll is rotation around x in radians (counterclockwise)\n",
    "  pitch is rotation around y in radians (counterclockwise)\n",
    "  yaw is rotation around z in radians (counterclockwise)\n",
    "  \"\"\"\n",
    "  t0 = +2.0 * (w * x + y * z)\n",
    "  t1 = +1.0 - 2.0 * (x * x + y * y)\n",
    "  roll_x = math.atan2(t0, t1)\n",
    "      \n",
    "  t2 = +2.0 * (w * y - z * x)\n",
    "  t2 = +1.0 if t2 > +1.0 else t2\n",
    "  t2 = -1.0 if t2 < -1.0 else t2\n",
    "  pitch_y = math.asin(t2)\n",
    "      \n",
    "  t3 = +2.0 * (w * z + x * y)\n",
    "  t4 = +1.0 - 2.0 * (y * y + z * z)\n",
    "  yaw_z = math.atan2(t3, t4)\n",
    "      \n",
    "  return roll_x, pitch_y, yaw_z # in radians"
   ]
  },
  {
   "cell_type": "code",
   "execution_count": null,
   "id": "803c8fcc-30ff-458c-adec-5fb69267eb53",
   "metadata": {},
   "outputs": [],
   "source": []
  },
  {
   "cell_type": "code",
   "execution_count": 5,
   "id": "a9d38bba-38e1-481d-b59d-96509efd126c",
   "metadata": {},
   "outputs": [],
   "source": [
    "def main():\n",
    "  global p98\n",
    "  global p98_r\n",
    "  global p40\n",
    "  global p40_r\n",
    "    \n",
    "  is_p98_defined = False\n",
    "  is_p40_defined = False\n",
    "  \"\"\"\n",
    "  Main method of the program.\n",
    "  \"\"\"\n",
    "  # Check that we have a valid ArUco marker\n",
    "  if ARUCO_DICT.get(aruco_dictionary_name, None) is None:\n",
    "    print(\"[INFO] ArUCo tag of '{}' is not supported\".format(\n",
    "      args[\"type\"]))\n",
    "    sys.exit(0)\n",
    " \n",
    "  # Load the camera parameters from the saved file\n",
    "  #cv_file = cv2.FileStorage( camera_calibration_parameters_filename, cv2.FILE_STORAGE_READ) \n",
    "  #mtx = cv_file.getNode('K').mat()\n",
    "  #dst = cv_file.getNode('D').mat()\n",
    "  #cv_file.release()\n",
    "\n",
    "  mtx_np = np.array([ [759.895784, 0.000000, 312.753105],[0.000000, 762.113647, 214.923553], [0., 0., 1.]], np.float32)\n",
    "  mtx = mtx_np\n",
    "  dst_np = np.array([0.062948, -0.273568, 0.005933, -0.001056, 0.000000], np.float32)   \n",
    "  dst = dst_np\n",
    "  # Load the ArUco dictionary\n",
    "  print(\"[INFO] detecting '{}' markers...\".format(\n",
    "    aruco_dictionary_name))\n",
    "  this_aruco_dictionary = cv2.aruco.Dictionary_get(ARUCO_DICT[aruco_dictionary_name])\n",
    "  this_aruco_parameters = cv2.aruco.DetectorParameters_create()\n",
    "   \n",
    "  # Start the video stream\n",
    "  cap = cv2.VideoCapture(0)\n",
    "\n",
    "   \n",
    "  while(True):\n",
    "      # Capture frame-by-frame\n",
    "      # This method returns True/False as well\n",
    "      # as the video frame.\n",
    "      ret, streamImage = cap.read() \n",
    "      detectingImage = streamImage.copy() \n",
    "\n",
    "      # Detect ArUco markers in the video frame\n",
    "      (corners, marker_ids, rejected) = cv2.aruco.detectMarkers(\n",
    "          detectingImage , this_aruco_dictionary, parameters=this_aruco_parameters,\n",
    "          cameraMatrix=mtx, distCoeff=dst)\n",
    "\n",
    "\n",
    "\n",
    "      # Check that at least one ArUco marker was detected\n",
    "      if marker_ids is not None: \n",
    "          print('corners ',corners)\n",
    "          print('marker_ids', marker_ids)\n",
    "          # Draw a square around detected markers in the video frame\n",
    "          cv2.aruco.drawDetectedMarkers(detectingImage , corners, marker_ids)\n",
    "\n",
    "          # Get the rotation and translation vectors\n",
    "          rvecs, tvecs, obj_points = cv2.aruco.estimatePoseSingleMarkers(\n",
    "            corners,\n",
    "            aruco_marker_side_length,\n",
    "            mtx,\n",
    "            dst)\n",
    "          # Print the pose for the ArUco marker\n",
    "          # The pose of the marker is with respect to the camera lens frame.\n",
    "          # Imagine you are looking through the camera viewfinder, \n",
    "          # the camera lens frame's:\n",
    "          # x-axis points to the right\n",
    "          # y-axis points straight down towards your toes\n",
    "          # z-axis points straight ahead away from your eye, out of the camera\n",
    "          for i, marker_id in enumerate(marker_ids):\n",
    "\n",
    "            # Store the translation (i.e. position) information\n",
    "            transform_translation_x = tvecs[i][0][0]\n",
    "            transform_translation_y = tvecs[i][0][1]\n",
    "            transform_translation_z = tvecs[i][0][2]\n",
    "\n",
    "            # Store the rotation information\n",
    "            rotation_matrix = np.eye(4)\n",
    "            rotation_matrix[0:3, 0:3] = cv2.Rodrigues(np.array(rvecs[i][0]))[0]\n",
    "            r = R.from_matrix(rotation_matrix[0:3, 0:3])\n",
    "            quat = r.as_quat()   \n",
    "\n",
    "            # Quaternion format     \n",
    "            transform_rotation_x = quat[0] \n",
    "            transform_rotation_y = quat[1] \n",
    "            transform_rotation_z = quat[2] \n",
    "            transform_rotation_w = quat[3] \n",
    "\n",
    "            # Euler angle format in radians\n",
    "            roll_x, pitch_y, yaw_z = euler_from_quaternion(transform_rotation_x, \n",
    "                                                           transform_rotation_y, \n",
    "                                                           transform_rotation_z, \n",
    "                                                           transform_rotation_w)\n",
    "\n",
    "            # roll_x = math.degrees(roll_x)\n",
    "            # pitch_y = math.degrees(pitch_y)\n",
    "            # yaw_z = math.degrees(yaw_z)\n",
    "            # print(\"transform_translation_x: {}\".format(transform_translation_x))\n",
    "            # print(\"transform_translation_y: {}\".format(transform_translation_y))\n",
    "            # print(\"transform_translation_z: {}\".format(transform_translation_z))\n",
    "            # print(\"roll_x: {}\".format(roll_x))\n",
    "            # print(\"pitch_y: {}\".format(pitch_y))\n",
    "            # print(\"yaw_z: {}\".format(yaw_z))\n",
    "            # print()\n",
    "\n",
    "            print(\"id {} \".format(marker_id))\n",
    "            print(\"rotation matrix\",rotation_matrix[0:3, 0:3] )\n",
    "            print(\"translation matrix\",[transform_translation_x ,transform_translation_y,transform_translation_z])\n",
    "            if marker_id == 98:\n",
    "                p98 = tvecs[i][0][0:3]\n",
    "                p98_r = rotation_matrix[0:3, 0:3]\n",
    "                print('set 98')\n",
    "                is_p98_defined = True\n",
    "            if marker_id == 40:\n",
    "                p40 = tvecs[i][0][0:3]\n",
    "                p40_r = rotation_matrix[0:3, 0:3]  \n",
    "                print('set 40')\n",
    "                is_p40_defined = True\n",
    "            print(\"============\")\n",
    "            if is_p98_defined and is_p40_defined:\n",
    "                T_c_p98 = p98_r\n",
    "                T_c_p40 = p40_r\n",
    "\n",
    "                p40__p98 = np.dot(T_c_p98, p40 - p98  )\n",
    "                print(p40__p98)\n",
    "\n",
    "                p98__p40 = np.dot(T_c_p40, p98 - p40  )\n",
    "                print(p98__p40)\n",
    "                p40__p98_str = '40 in 98 frame: x={:10.2f}, y={:10.2f}, z={:10.2f} cm'.format(p40__p98[0]*100,p40__p98[1]*100,p40__p98[2]*100 )\n",
    "                p98__p40_str = '98 in 40 frame: x={:10.2f}, y={:10.2f}, z={:10.2f} cm'.format(p98__p40[0]*100,p98__p40[1]*100,p98__p40[2]*100 )\n",
    "                # Window name in which image is displayed\n",
    "                window_name = 'Image'\n",
    "                # font\n",
    "                font = cv2.FONT_HERSHEY_SIMPLEX\n",
    "                org = (50, 50)\n",
    "                fontScale = 0.5   \n",
    "                color = (255, 255, 0)\n",
    "                thickness = 1    \n",
    "                detectingImage = cv2.putText(detectingImage, p98__p40_str , (50, 50), font,fontScale, color, thickness, cv2.LINE_AA)\n",
    "                detectingImage = cv2.putText(detectingImage, p40__p98_str , (50, 80), font,fontScale, color, thickness, cv2.LINE_AA)\n",
    "\n",
    "            # Draw the axes on the marker\n",
    "            cv2.aruco.drawAxis(detectingImage , mtx, dst, rvecs[i], tvecs[i], 0.05)\n",
    "\n",
    "      # Display the resulting frame\n",
    "\n",
    "      cv2.imshow('frame',detectingImage )\n",
    "          \n",
    "      # If \"q\" is pressed on the keyboard, \n",
    "      # exit this loop\n",
    "      if cv2.waitKey(1) & 0xFF == ord('q'):\n",
    "          # filename_org = 'data/original_image.jpg'\n",
    "          # filename_detected = 'data/detected_image.jpg'\n",
    "          # cv2.imwrite(filename_org, streamImage)\n",
    "          # cv2.imwrite(filename_detected, detectingImage)\n",
    "          break\n",
    "\n",
    "\n",
    "  \n",
    "  # Close down the video stream\n",
    "  cap.release()\n",
    "  cv2.destroyAllWindows()\n"
   ]
  },
  {
   "cell_type": "code",
   "execution_count": 6,
   "id": "b0865950-1135-404c-acd4-4f22ba91d9f7",
   "metadata": {},
   "outputs": [
    {
     "name": "stdout",
     "output_type": "stream",
     "text": [
      "Automatically created module for IPython interactive environment\n",
      "[INFO] detecting 'DICT_6X6_250' markers...\n"
     ]
    },
    {
     "name": "stderr",
     "output_type": "stream",
     "text": [
      "[ WARN:0] global /home/peerajak/__Features__/opencv-4.5.2/modules/videoio/src/cap_gstreamer.cpp (1081) open OpenCV | GStreamer warning: Cannot query video position: status=0, value=-1, duration=-1\n"
     ]
    },
    {
     "name": "stdout",
     "output_type": "stream",
     "text": [
      "corners  [array([[[429., 288.],\n",
      "        [380., 288.],\n",
      "        [378., 242.],\n",
      "        [425., 242.]]], dtype=float32), array([[[260., 270.],\n",
      "        [260., 320.],\n",
      "        [211., 319.],\n",
      "        [212., 269.]]], dtype=float32), array([[[374., 129.],\n",
      "        [374., 169.],\n",
      "        [328., 171.],\n",
      "        [327., 129.]]], dtype=float32)]\n",
      "marker_ids [[124]\n",
      " [ 98]\n",
      " [ 23]]\n",
      "id [124] \n",
      "rotation matrix [[-9.99201545e-01  1.46779282e-02  3.71595221e-02]\n",
      " [-7.85515236e-04  9.22675393e-01 -3.85576844e-01]\n",
      " [-3.99456459e-02 -3.85298168e-01 -9.21927149e-01]]\n",
      "translation matrix [0.04863902013579643, 0.02669764423530216, 0.4101406426169199]\n",
      "============\n",
      "id [98] \n",
      "rotation matrix [[-0.00792778  0.99015931 -0.13972001]\n",
      " [ 0.99992858  0.0066001  -0.00996327]\n",
      " [-0.00894306 -0.13978902 -0.99014093]]\n",
      "translation matrix [-0.040385361772314346, 0.041500147230651305, 0.39919924962801456]\n",
      "set 98\n",
      "============\n",
      "id [23] \n",
      "rotation matrix [[ 0.03673899  0.99910695 -0.0208698 ]\n",
      " [ 0.83510536 -0.01922484  0.54975398]\n",
      " [ 0.5488618  -0.03762588 -0.83506587]]\n",
      "translation matrix [0.0212771615474944, -0.036381929751426706, 0.4255196959488356]\n",
      "============\n",
      "corners  [array([[[262., 276.],\n",
      "        [264., 325.],\n",
      "        [215., 326.],\n",
      "        [215., 278.]]], dtype=float32), array([[[433., 289.],\n",
      "        [383., 291.],\n",
      "        [380., 244.],\n",
      "        [427., 244.]]], dtype=float32), array([[[188., 200.],\n",
      "        [186., 245.],\n",
      "        [139., 246.],\n",
      "        [141., 201.]]], dtype=float32), array([[[371., 128.],\n",
      "        [374., 171.],\n",
      "        [328., 173.],\n",
      "        [326., 130.]]], dtype=float32), array([[[418.,  10.],\n",
      "        [420.,  48.],\n",
      "        [377.,  49.],\n",
      "        [374.,  11.]]], dtype=float32), array([[[233.,  75.],\n",
      "        [235.,  37.],\n",
      "        [278.,  36.],\n",
      "        [277.,  74.]]], dtype=float32)]\n",
      "marker_ids [[ 98]\n",
      " [124]\n",
      " [ 40]\n",
      " [ 23]\n",
      " [203]\n",
      " [ 62]]\n",
      "id [98] \n",
      "rotation matrix [[ 0.0319126   0.99908295 -0.0285455 ]\n",
      " [ 0.99059058 -0.0354184  -0.13219621]\n",
      " [-0.13308602 -0.02405818 -0.99081245]]\n",
      "translation matrix [-0.03994814393812449, 0.04650502941352304, 0.4128281900817429]\n",
      "set 98\n",
      "============\n",
      "id [124] \n",
      "rotation matrix [[-0.99815864  0.04013726  0.04547894]\n",
      " [ 0.01716186  0.90600211 -0.42292511]\n",
      " [-0.05817907 -0.42136585 -0.90502266]]\n",
      "translation matrix [0.04942959987357661, 0.027368845523140783, 0.4045089331608975]\n",
      "============\n",
      "id [40] \n",
      "rotation matrix [[ 1.73579794e-02  9.99830172e-01 -6.19096188e-03]\n",
      " [ 9.56359165e-01 -1.84089552e-02 -2.91613199e-01]\n",
      " [-2.91677644e-01 -8.58967245e-04 -9.56516291e-01]]\n",
      "translation matrix [-0.08291279859705962, 0.004257421689998642, 0.4233797402642713]\n",
      "set 40\n",
      "============\n",
      "[-0.04388118 -0.04245891 -0.00372021]\n",
      "[ 0.04305154  0.04338888 -0.00247539]\n",
      "id [23] \n",
      "rotation matrix [[ 0.04186017  0.99903134 -0.01356834]\n",
      " [ 0.96430856 -0.04395149 -0.26110778]\n",
      " [-0.26145121 -0.00215405 -0.96521429]]\n",
      "translation matrix [0.02111649065723919, -0.036793819840540073, 0.43358244737182855]\n",
      "============\n",
      "[-0.04388118 -0.04245891 -0.00372021]\n",
      "[ 0.04305154  0.04338888 -0.00247539]\n",
      "id [203] \n",
      "rotation matrix [[ 0.13437959  0.97550705 -0.17414973]\n",
      " [ 0.70472031  0.02947184  0.70887284]\n",
      " [ 0.69664296 -0.2179849  -0.68349921]]\n",
      "translation matrix [0.05051077299834365, -0.11056036896424533, 0.45452718952278776]\n",
      "============\n",
      "[-0.04388118 -0.04245891 -0.00372021]\n",
      "[ 0.04305154  0.04338888 -0.00247539]\n",
      "id [62] \n",
      "rotation matrix [[ 0.00913846 -0.998262   -0.05821908]\n",
      " [-0.93956956  0.01135432 -0.34216973]\n",
      " [ 0.34223607  0.05782778 -0.93783283]]\n",
      "translation matrix [-0.03387699400649698, -0.094743937664545, 0.4518003446762093]\n",
      "============\n",
      "[-0.04388118 -0.04245891 -0.00372021]\n",
      "[ 0.04305154  0.04338888 -0.00247539]\n",
      "corners  [array([[[418.,   8.],\n",
      "        [422.,  48.],\n",
      "        [380.,  50.],\n",
      "        [376.,  10.]]], dtype=float32), array([[[187., 201.],\n",
      "        [184., 249.],\n",
      "        [136., 251.],\n",
      "        [140., 203.]]], dtype=float32), array([[[373., 130.],\n",
      "        [376., 174.],\n",
      "        [330., 177.],\n",
      "        [328., 131.]]], dtype=float32), array([[[232.,  74.],\n",
      "        [233.,  35.],\n",
      "        [277.,  34.],\n",
      "        [277.,  73.]]], dtype=float32)]\n",
      "marker_ids [[203]\n",
      " [ 40]\n",
      " [ 23]\n",
      " [ 62]]\n",
      "id [203] \n",
      "rotation matrix [[ 0.07425465  0.99578358  0.05386388]\n",
      " [ 0.98300061 -0.0639928  -0.17208926]\n",
      " [-0.16791676  0.06572665 -0.98360763]]\n",
      "translation matrix [0.052839545019324426, -0.11372448599155158, 0.465069894604488]\n",
      "============\n",
      "[-0.04388118 -0.04245891 -0.00372021]\n",
      "[ 0.04305154  0.04338888 -0.00247539]\n",
      "id [40] \n",
      "rotation matrix [[-0.01042464  0.98489178 -0.17285688]\n",
      " [ 0.9574845  -0.04000771 -0.28569706]\n",
      " [-0.28829629 -0.16848607 -0.94260155]]\n",
      "translation matrix [-0.07898530480485313, 0.005555994978947592, 0.39836927323334254]\n",
      "set 40\n",
      "============\n",
      "[-0.04174452 -0.03530808  0.02050653]\n",
      "[ 0.0374241   0.03160833 -0.03178261]\n",
      "id [23] \n",
      "rotation matrix [[ 0.05131205  0.99757633  0.04699517]\n",
      " [ 0.99201071 -0.04548244 -0.11766941]\n",
      " [-0.11524677  0.05265757 -0.9919402 ]]\n",
      "translation matrix [0.0221958877414949, -0.03518314815651814, 0.4319127879871505]\n",
      "============\n",
      "[-0.04174452 -0.03530808  0.02050653]\n",
      "[ 0.0374241   0.03160833 -0.03178261]\n",
      "id [62] \n",
      "rotation matrix [[-0.01331379 -0.99967761 -0.02161985]\n",
      " [-0.94426948  0.0196821  -0.32858449]\n",
      " [ 0.32890408  0.01604027 -0.9442271 ]]\n",
      "translation matrix [-0.0338382126622189, -0.09391535912069397, 0.44367446543972067]\n",
      "============\n",
      "[-0.04174452 -0.03530808  0.02050653]\n",
      "[ 0.0374241   0.03160833 -0.03178261]\n",
      "corners  [array([[[417.,  12.],\n",
      "        [420.,  53.],\n",
      "        [376.,  55.],\n",
      "        [373.,  14.]]], dtype=float32)]\n",
      "marker_ids [[203]]\n",
      "id [203] \n",
      "rotation matrix [[ 4.55571596e-02  9.98926997e-01 -8.33068582e-03]\n",
      " [ 9.78974328e-01 -4.63039358e-02 -1.98658528e-01]\n",
      " [-1.98831111e-01  8.94790730e-04 -9.80033361e-01]]\n",
      "translation matrix [0.04948362163453839, -0.10708447832242353, 0.44873404923106486]\n",
      "============\n",
      "[-0.04174452 -0.03530808  0.02050653]\n",
      "[ 0.0374241   0.03160833 -0.03178261]\n",
      "corners  [array([[[264., 312.],\n",
      "        [271., 369.],\n",
      "        [218., 371.],\n",
      "        [214., 313.]]], dtype=float32), array([[[179., 229.],\n",
      "        [183., 281.],\n",
      "        [132., 284.],\n",
      "        [130., 231.]]], dtype=float32), array([[[372., 149.],\n",
      "        [380., 200.],\n",
      "        [334., 202.],\n",
      "        [326., 151.]]], dtype=float32), array([[[224.,  87.],\n",
      "        [223.,  46.],\n",
      "        [271.,  46.],\n",
      "        [274.,  89.]]], dtype=float32), array([[[417.,  19.],\n",
      "        [424.,  63.],\n",
      "        [378.,  61.],\n",
      "        [372.,  19.]]], dtype=float32)]\n",
      "marker_ids [[ 98]\n",
      " [ 40]\n",
      " [ 23]\n",
      " [ 62]\n",
      " [203]]\n",
      "id [98] \n",
      "rotation matrix [[ 0.12859036  0.84841865  0.5134689 ]\n",
      " [ 0.93785126  0.06425307 -0.34103747]\n",
      " [-0.32233451  0.52541159 -0.78742817]]\n",
      "translation matrix [-0.03192326468188661, 0.05679171053970033, 0.3455542798190246]\n",
      "set 98\n",
      "============\n",
      "[-0.0224022  -0.06544114 -0.05333813]\n",
      "[0.05910047 0.05810044 0.02758318]\n",
      "id [40] \n",
      "rotation matrix [[ 0.08198788  0.84121349  0.53445097]\n",
      " [ 0.99140792 -0.01399788 -0.13005538]\n",
      " [-0.10192316  0.54052189 -0.83513337]]\n",
      "translation matrix [-0.07759677823117653, 0.020296284804033702, 0.3786722556566913]\n",
      "set 40\n",
      "============\n",
      "[-0.01983152 -0.05647438 -0.030531  ]\n",
      "[0.01674518 0.0490774  0.04272931]\n",
      "id [23] \n",
      "rotation matrix [[ 0.1430228   0.89977962  0.41223915]\n",
      " [ 0.97677326 -0.06117567 -0.20535708]\n",
      " [-0.15955711  0.43203492 -0.88763019]]\n",
      "translation matrix [0.02009709835496335, -0.019568227931590878, 0.3763134332398477]\n",
      "============\n",
      "[-0.01983152 -0.05647438 -0.030531  ]\n",
      "[0.01674518 0.0490774  0.04272931]\n",
      "id [62] \n",
      "rotation matrix [[-0.07038262 -0.98715802  0.14340619]\n",
      " [-0.92758502  0.01188736 -0.37342298]\n",
      " [ 0.36692277 -0.15930392 -0.91650965]]\n",
      "translation matrix [-0.034310479929501696, -0.07858550411576339, 0.40370743143444515]\n",
      "============\n",
      "[-0.01983152 -0.05647438 -0.030531  ]\n",
      "[0.01674518 0.0490774  0.04272931]\n",
      "id [203] \n",
      "rotation matrix [[ 0.06544262  0.99312309 -0.09707621]\n",
      " [ 0.99172259 -0.05396172  0.11650941]\n",
      " [ 0.11046979 -0.10389735 -0.988434  ]]\n",
      "translation matrix [0.05205229832321075, -0.10664040258309601, 0.46520640327837176]\n",
      "============\n",
      "[-0.01983152 -0.05647438 -0.030531  ]\n",
      "[0.01674518 0.0490774  0.04272931]\n",
      "corners  [array([[[270., 316.],\n",
      "        [272., 370.],\n",
      "        [219., 372.],\n",
      "        [218., 318.]]], dtype=float32), array([[[446., 333.],\n",
      "        [397., 334.],\n",
      "        [392., 283.],\n",
      "        [441., 282.]]], dtype=float32), array([[[186., 230.],\n",
      "        [186., 280.],\n",
      "        [132., 283.],\n",
      "        [133., 230.]]], dtype=float32), array([[[383., 155.],\n",
      "        [386., 202.],\n",
      "        [336., 203.],\n",
      "        [334., 156.]]], dtype=float32), array([[[231.,  89.],\n",
      "        [231.,  45.],\n",
      "        [279.,  43.],\n",
      "        [282.,  87.]]], dtype=float32), array([[[430.,  22.],\n",
      "        [433.,  66.],\n",
      "        [385.,  65.],\n",
      "        [382.,  23.]]], dtype=float32)]\n",
      "marker_ids [[ 98]\n",
      " [124]\n",
      " [ 40]\n",
      " [ 23]\n",
      " [ 62]\n",
      " [203]]\n",
      "id [98] \n",
      "rotation matrix [[ 0.0395472   0.99693658 -0.06747947]\n",
      " [ 0.99332634 -0.04654685 -0.10552805]\n",
      " [-0.10834573 -0.0628558  -0.99212416]]\n",
      "translation matrix [-0.033434690793120996, 0.0631127387556214, 0.37505806403901304]\n",
      "set 98\n",
      "============\n",
      "[-0.04467566 -0.04225579  0.00389031]\n",
      "[0.03770693 0.04365335 0.02166042]\n",
      "id [124] \n",
      "rotation matrix [[-9.83433550e-01  5.39655572e-02  1.73049620e-01]\n",
      " [ 8.70253397e-04  9.56051014e-01 -2.93199080e-01]\n",
      " [-1.81266916e-01 -2.88191215e-01 -9.40259607e-01]]\n",
      "translation matrix [0.05415645213913713, 0.04702074389776827, 0.3879780000998076]\n",
      "============\n",
      "[-0.04467566 -0.04225579  0.00389031]\n",
      "[0.03770693 0.04365335 0.02166042]\n",
      "id [40] \n",
      "rotation matrix [[-0.03695834  0.95102365  0.3069008 ]\n",
      " [ 0.98870005 -0.00984894  0.14958345]\n",
      " [ 0.14528005  0.30896119 -0.93991313]]\n",
      "translation matrix [-0.07594679025722123, 0.02013511753512822, 0.3780266177069011]\n",
      "set 40\n",
      "============\n",
      "[-0.04472751 -0.04054118  0.00436222]\n",
      "[0.03839051 0.04116438 0.02224476]\n",
      "id [23] \n",
      "rotation matrix [[ 0.03214675  0.99905211  0.02935086]\n",
      " [ 0.957973   -0.02242319 -0.28598065]\n",
      " [-0.28505144  0.03731068 -0.95778578]]\n",
      "translation matrix [0.02462012575448217, -0.018892291173812862, 0.39782528619482854]\n",
      "============\n",
      "[-0.04472751 -0.04054118  0.00436222]\n",
      "[0.03839051 0.04116438 0.02224476]\n",
      "id [62] \n",
      "rotation matrix [[-0.0529767  -0.99852785  0.01164445]\n",
      " [-0.94798853  0.04662343 -0.31487141]\n",
      " [ 0.31386497 -0.02771965 -0.94906291]]\n",
      "translation matrix [-0.029909082513776136, -0.07821665561869069, 0.3991593576623198]\n",
      "============\n",
      "[-0.04472751 -0.04054118  0.00436222]\n",
      "[0.03839051 0.04116438 0.02224476]\n",
      "id [203] \n",
      "rotation matrix [[ 0.14368364  0.95680306 -0.2527507 ]\n",
      " [ 0.7456342   0.06325831  0.66334608]\n",
      " [ 0.65068014 -0.28377154 -0.7043359 ]]\n",
      "translation matrix [0.05096950130996685, -0.09173539891770871, 0.40937360876736223]\n",
      "============\n",
      "[-0.04472751 -0.04054118  0.00436222]\n",
      "[0.03839051 0.04116438 0.02224476]\n",
      "corners  [array([[[448., 337.],\n",
      "        [398., 339.],\n",
      "        [394., 286.],\n",
      "        [443., 283.]]], dtype=float32), array([[[382., 156.],\n",
      "        [386., 203.],\n",
      "        [336., 208.],\n",
      "        [335., 158.]]], dtype=float32)]\n",
      "marker_ids [[124]\n",
      " [ 23]]\n",
      "id [124] \n",
      "rotation matrix [[-0.86964362  0.06655011 -0.48917385]\n",
      " [ 0.11082817  0.9918985  -0.0620844 ]\n",
      " [ 0.48107909 -0.10820554 -0.86997383]]\n",
      "translation matrix [0.053022315398388496, 0.04719640296889215, 0.3756401114717409]\n",
      "============\n",
      "[-0.04472751 -0.04054118  0.00436222]\n",
      "[0.03839051 0.04116438 0.02224476]\n",
      "id [23] \n",
      "rotation matrix [[ 0.04533273  0.98992859 -0.13411312]\n",
      " [ 0.98908853 -0.06331583 -0.13302253]\n",
      " [-0.14017428 -0.12661948 -0.98199729]]\n",
      "translation matrix [0.024924631728854413, -0.017921461272623517, 0.40382898192243144]\n",
      "============\n",
      "[-0.04472751 -0.04054118  0.00436222]\n",
      "[0.03839051 0.04116438 0.02224476]\n",
      "corners  [array([[[269., 332.],\n",
      "        [271., 393.],\n",
      "        [217., 398.],\n",
      "        [216., 341.]]], dtype=float32), array([[[179., 246.],\n",
      "        [179., 303.],\n",
      "        [124., 308.],\n",
      "        [124., 255.]]], dtype=float32), array([[[377., 163.],\n",
      "        [380., 214.],\n",
      "        [332., 218.],\n",
      "        [328., 168.]]], dtype=float32), array([[[220., 101.],\n",
      "        [218.,  54.],\n",
      "        [268.,  52.],\n",
      "        [270.,  98.]]], dtype=float32), array([[[420.,  24.],\n",
      "        [424.,  70.],\n",
      "        [378.,  72.],\n",
      "        [374.,  27.]]], dtype=float32)]\n",
      "marker_ids [[ 98]\n",
      " [ 40]\n",
      " [ 23]\n",
      " [ 62]\n",
      " [203]]\n",
      "id [98] \n",
      "rotation matrix [[ 0.06056541  0.93961301 -0.3368371 ]\n",
      " [ 0.93216779 -0.17391117 -0.3175187 ]\n",
      " [-0.35692443 -0.29475804 -0.88640998]]\n",
      "translation matrix [-0.03106720788401732, 0.06680677180519175, 0.34005536992915647]\n",
      "set 98\n",
      "============\n",
      "[-0.05936157 -0.04577516 -0.00388263]\n",
      "[0.03107377 0.03823291 0.05662951]\n",
      "id [40] \n",
      "rotation matrix [[ 0.07715778  0.98365127 -0.16271712]\n",
      " [ 0.93341834 -0.12862411 -0.33494185]\n",
      " [-0.35039532 -0.12603978 -0.92808248]]\n",
      "translation matrix [-0.07354611617374626, 0.028396053330380547, 0.3478008958552427]\n",
      "set 40\n",
      "============\n",
      "[-0.04127294 -0.03537677  0.01961792]\n",
      "[ 0.04232066  0.03730435 -0.0125372 ]\n",
      "id [23] \n",
      "rotation matrix [[ 0.06754516  0.94027875 -0.33363682]\n",
      " [ 0.99687341 -0.07734489 -0.01616064]\n",
      " [-0.04100061 -0.3315021  -0.94256316]]\n",
      "translation matrix [0.02118438349011424, -0.012407912641595784, 0.3904104927354709]\n",
      "============\n",
      "[-0.04127294 -0.03537677  0.01961792]\n",
      "[ 0.04232066  0.03730435 -0.0125372 ]\n",
      "id [62] \n",
      "rotation matrix [[-0.06067017 -0.99802175  0.01648362]\n",
      " [-0.97240374  0.05536961 -0.22663885]\n",
      " [ 0.22527781 -0.02977895 -0.97383937]]\n",
      "translation matrix [-0.03580073773119601, -0.0722524648477261, 0.39610958470288715]\n",
      "============\n",
      "[-0.04127294 -0.03537677  0.01961792]\n",
      "[ 0.04232066  0.03730435 -0.0125372 ]\n",
      "id [203] \n",
      "rotation matrix [[ 0.07514135  0.99531386  0.06086132]\n",
      " [ 0.99387026 -0.06978956 -0.08573984]\n",
      " [-0.08109056  0.06693086 -0.99445693]]\n",
      "translation matrix [0.04819698618134667, -0.09296467317832155, 0.4241975120392692]\n",
      "============\n",
      "[-0.04127294 -0.03537677  0.01961792]\n",
      "[ 0.04232066  0.03730435 -0.0125372 ]\n",
      "corners  [array([[[267., 340.],\n",
      "        [270., 396.],\n",
      "        [216., 401.],\n",
      "        [213., 345.]]], dtype=float32), array([[[445., 351.],\n",
      "        [395., 355.],\n",
      "        [390., 301.],\n",
      "        [439., 298.]]], dtype=float32), array([[[177., 253.],\n",
      "        [179., 305.],\n",
      "        [123., 310.],\n",
      "        [122., 256.]]], dtype=float32), array([[[378., 170.],\n",
      "        [382., 218.],\n",
      "        [332., 221.],\n",
      "        [328., 172.]]], dtype=float32), array([[[221., 102.],\n",
      "        [219.,  55.],\n",
      "        [269.,  55.],\n",
      "        [271., 102.]]], dtype=float32), array([[[421.,  29.],\n",
      "        [426.,  75.],\n",
      "        [380.,  75.],\n",
      "        [375.,  29.]]], dtype=float32)]\n",
      "marker_ids [[ 98]\n",
      " [124]\n",
      " [ 40]\n",
      " [ 23]\n",
      " [ 62]\n",
      " [203]]\n",
      "id [98] \n",
      "rotation matrix [[ 0.081728    0.99371878 -0.07644287]\n",
      " [ 0.96797592 -0.09740949 -0.23137419]\n",
      " [-0.23736714 -0.05508511 -0.96985693]]\n",
      "translation matrix [-0.03397149891527879, 0.07370650882474478, 0.36405117968853523]\n",
      "set 98\n",
      "============\n",
      "[-0.04701799 -0.03013371  0.0276501 ]\n",
      "[ 0.04497898  0.02566876 -0.03465928]\n",
      "id [124] \n",
      "rotation matrix [[-0.97112481  0.07740616  0.22566544]\n",
      " [ 0.03382874  0.98102153 -0.19092504]\n",
      " [-0.23616143 -0.17777806 -0.9553129 ]]\n",
      "translation matrix [0.05166547043301063, 0.05457901634095457, 0.3762821103708583]\n",
      "============\n",
      "[-0.04701799 -0.03013371  0.0276501 ]\n",
      "[ 0.04497898  0.02566876 -0.03465928]\n",
      "id [40] \n",
      "rotation matrix [[ 0.0995801   0.98757923  0.12153628]\n",
      " [ 0.944426   -0.0553521  -0.32403036]\n",
      " [-0.31327837  0.147049   -0.93820747]]\n",
      "translation matrix [-0.07777367550029694, 0.03129755952351949, 0.36559149451000167]\n",
      "set 40\n",
      "============\n",
      "[-0.04584018 -0.03862481  0.01123941]\n",
      "[ 0.04605682  0.0395196  -0.00604095]\n",
      "id [23] \n",
      "rotation matrix [[ 0.06629632  0.9963494   0.05378352]\n",
      " [ 0.96904337 -0.05144463 -0.24147131]\n",
      " [-0.23782292  0.06812722 -0.96891638]]\n",
      "translation matrix [0.021856385469790525, -0.010255967236174952, 0.3927219220275412]\n",
      "============\n",
      "[-0.04584018 -0.03862481  0.01123941]\n",
      "[ 0.04605682  0.0395196  -0.00604095]\n",
      "id [62] \n",
      "rotation matrix [[-0.05701771 -0.9886152   0.13924425]\n",
      " [-0.97821089  0.0274321  -0.20579343]\n",
      " [ 0.19963076 -0.14794411 -0.96863827]]\n",
      "translation matrix [-0.03526932584419946, -0.07115130471967486, 0.39655446578926207]\n",
      "============\n",
      "[-0.04584018 -0.03862481  0.01123941]\n",
      "[ 0.04605682  0.0395196  -0.00604095]\n",
      "id [203] \n",
      "rotation matrix [[ 0.08388297  0.97472027  0.20708462]\n",
      " [ 0.98347072 -0.04751547 -0.17472158]\n",
      " [-0.16046494  0.21831783 -0.96259458]]\n",
      "translation matrix [0.04721037929444716, -0.0874215135825105, 0.4079422588246945]\n",
      "============\n",
      "[-0.04584018 -0.03862481  0.01123941]\n",
      "[ 0.04605682  0.0395196  -0.00604095]\n",
      "corners  [array([[[265., 343.],\n",
      "        [269., 399.],\n",
      "        [216., 404.],\n",
      "        [213., 347.]]], dtype=float32), array([[[445., 353.],\n",
      "        [394., 357.],\n",
      "        [390., 304.],\n",
      "        [439., 302.]]], dtype=float32), array([[[176., 256.],\n",
      "        [178., 308.],\n",
      "        [122., 313.],\n",
      "        [122., 259.]]], dtype=float32), array([[[377., 172.],\n",
      "        [381., 221.],\n",
      "        [331., 224.],\n",
      "        [328., 174.]]], dtype=float32), array([[[220., 105.],\n",
      "        [218.,  58.],\n",
      "        [268.,  56.],\n",
      "        [271., 104.]]], dtype=float32), array([[[422.,  31.],\n",
      "        [426.,  77.],\n",
      "        [380.,  78.],\n",
      "        [375.,  32.]]], dtype=float32)]\n",
      "marker_ids [[ 98]\n",
      " [124]\n",
      " [ 40]\n",
      " [ 23]\n",
      " [ 62]\n",
      " [203]]\n",
      "id [98] \n",
      "rotation matrix [[ 0.08632376  0.91827168  0.38642635]\n",
      " [ 0.97409832  0.00357396 -0.22609663]\n",
      " [-0.20899921  0.39593477 -0.89417839]]\n",
      "translation matrix [-0.03389708010086533, 0.07450411584616085, 0.3616529269679657]\n",
      "set 98\n",
      "============\n",
      "[-0.04194098 -0.04378503 -0.01145859]\n",
      "[ 0.04656045  0.04032284 -0.00369691]\n",
      "id [124] \n",
      "rotation matrix [[-0.99066285  0.06713538  0.11865903]\n",
      " [ 0.03949231  0.9743476  -0.22155612]\n",
      " [-0.13048939 -0.2148013  -0.9679013 ]]\n",
      "translation matrix [0.052893107361189386, 0.057439992888551034, 0.386521247590693]\n",
      "============\n",
      "[-0.04194098 -0.04378503 -0.01145859]\n",
      "[ 0.04656045  0.04032284 -0.00369691]\n",
      "id [40] \n",
      "rotation matrix [[ 0.0899392   0.99254405  0.08226323]\n",
      " [ 0.94577224 -0.05922999 -0.31938484]\n",
      " [-0.31213108  0.1065275  -0.94404771]]\n",
      "translation matrix [-0.07846957272656147, 0.032864687668054705, 0.3671126699095679]\n",
      "set 40\n",
      "============\n",
      "[-0.03997418 -0.04480124 -0.01205287]\n",
      "[ 0.04488865  0.04143288 -0.00432246]\n",
      "id [23] \n",
      "rotation matrix [[ 0.06356789  0.99408254  0.0880853 ]\n",
      " [ 0.98940226 -0.05122986 -0.13586269]\n",
      " [-0.13054613  0.0957883  -0.98680409]]\n",
      "translation matrix [0.021591535394388434, -0.008968576031056509, 0.3946940546687581]\n",
      "============\n",
      "[-0.03997418 -0.04480124 -0.01205287]\n",
      "[ 0.04488865  0.04143288 -0.00432246]\n",
      "id [62] \n",
      "rotation matrix [[-0.06597963 -0.99440224  0.08252804]\n",
      " [-0.97770587  0.04790466 -0.20444162]\n",
      " [ 0.19934372 -0.09417713 -0.97539364]]\n",
      "translation matrix [-0.03534128127450887, -0.06930999514766055, 0.3927509035674721]\n",
      "============\n",
      "[-0.03997418 -0.04480124 -0.01205287]\n",
      "[ 0.04488865  0.04143288 -0.00432246]\n",
      "id [203] \n",
      "rotation matrix [[ 0.15102878  0.92484079 -0.34908425]\n",
      " [ 0.85133791  0.05778813  0.52142526]\n",
      " [ 0.50240828 -0.37593887 -0.77862435]]\n",
      "translation matrix [0.04756329359273265, -0.08659674168777123, 0.4116441294163679]\n",
      "============\n",
      "[-0.03997418 -0.04480124 -0.01205287]\n",
      "[ 0.04488865  0.04143288 -0.00432246]\n",
      "corners  [array([[[264., 345.],\n",
      "        [267., 401.],\n",
      "        [213., 405.],\n",
      "        [210., 349.]]], dtype=float32), array([[[443., 355.],\n",
      "        [392., 358.],\n",
      "        [388., 306.],\n",
      "        [436., 302.]]], dtype=float32), array([[[173., 257.],\n",
      "        [175., 311.],\n",
      "        [120., 315.],\n",
      "        [119., 261.]]], dtype=float32), array([[[375., 173.],\n",
      "        [379., 222.],\n",
      "        [329., 225.],\n",
      "        [326., 175.]]], dtype=float32), array([[[219., 107.],\n",
      "        [215.,  59.],\n",
      "        [265.,  57.],\n",
      "        [268., 105.]]], dtype=float32), array([[[419.,  31.],\n",
      "        [424.,  78.],\n",
      "        [377.,  78.],\n",
      "        [372.,  32.]]], dtype=float32)]\n",
      "marker_ids [[ 98]\n",
      " [124]\n",
      " [ 40]\n",
      " [ 23]\n",
      " [ 62]\n",
      " [203]]\n",
      "id [98] \n",
      "rotation matrix [[ 0.07199442  0.99560965 -0.05981835]\n",
      " [ 0.98802776 -0.07939377 -0.13227917]\n",
      " [-0.13644762 -0.04957883 -0.98940588]]\n",
      "translation matrix [-0.03544056956966857, 0.0759838704180246, 0.36458552744110545]\n",
      "set 98\n",
      "============\n",
      "[-0.04617889 -0.03942474  0.00550863]\n",
      "[ 0.04645979  0.03894882 -0.00645157]\n",
      "id [124] \n",
      "rotation matrix [[-0.90293822  0.08289134 -0.42170084]\n",
      " [ 0.13378704  0.98668224 -0.09251586]\n",
      " [ 0.40841596 -0.13995421 -0.90200289]]\n",
      "translation matrix [0.0511724545489414, 0.057720848748936994, 0.38386572599623736]\n",
      "============\n",
      "[-0.04617889 -0.03942474  0.00550863]\n",
